===== Analyze: FCFS =====
ID             TA time        WTA time       
15             2              1              
4              12             4              
26             17             8.5            
8              23             7.66667        
25             35             2.33333        
16             34             6.8            
22             51             10.2           
11             78             39             
29             91             4.78947        
1              93             4.89474        
28             96             6.85714        
17             107            6.29412        
18             112            16             
9              121            10.0833        
27             126            10.5           
3              123            41             
13             124            41.3333        
24             123            61.5           
10             136            45.3333        
20             152            7.6            
23             164            11.7143        
2              175            87.5           
6              182            15.1667        
21             185            26.4286        
14             197            17.9091        
19             199            66.3333        
12             225            20.4545        
5              233            13.7059        
7              257            12.85          
0              267            17.8           
--------------
Total TA_time: 3740
Total WTA_time: 625.548
