===== Analyze: MaxPriority =====
ID             TA time        WTA time       
11             4              2              
8              15             5              
4              19             6.33333        
24             11             5.5            
3              15             5              
19             9              3              
22             32             6.4            
26             92             46             
15             109            54.5           
18             116            16.5714        
13             115            38.3333        
2              113            56.5           
10             127            42.3333        
16             160            32             
21             152            21.7143        
6              167            13.9167        
27             186            15.5           
25             199            13.2667        
14             198            18             
9              214            17.8333        
17             222            13.0588        
28             222            15.8571        
12             209            19             
20             229            11.45          
5              234            13.7647        
23             244            17.4286        
0              253            16.8667        
7              248            12.4           
1              273            14.3684        
29             282            14.8421        
--------------
Total TA_time: 4469
Total WTA_time: 568.739
