===== Analyze: RR =====
ID             TA time        WTA time       
15             6              3              
8              8              2.66667        
26             10             5              
4              13             4.33333        
11             21             10.5           
3              26             8.66667        
13             29             9.66667        
24             28             14             
10             36             12             
2              48             24             
19             50             16.6667        
16             90             18             
22             90             18             
18             143            20.4286        
21             148            21.1429        
9              192            16             
27             194            16.1667        
6              194            16.1667        
14             194            17.6364        
12             196            17.8182        
25             234            15.6           
28             233            16.6429        
0              228            15.2           
23             228            16.2857        
17             257            15.1176        
5              241            14.1765        
29             275            14.4737        
1              268            14.1053        
20             256            12.8           
7              250            12.5           
--------------
Total TA_time: 4186
Total WTA_time: 418.761
