===== Analyze: SJF =====
ID             TA time        WTA time       
15             2              1              
26             3              1.5            
8              6              2              
4              9              3              
11             2              1              
3              3              1              
24             2              1              
13             8              2.66667        
2              2              1              
10             9              3              
19             6              2              
16             32             6.4            
22             32             6.4            
18             41             5.85714        
21             30             4.28571        
14             40             3.63636        
12             71             6.45455        
27             87             7.25           
6              78             6.5            
9              107            8.91667        
23             106            7.57143        
28             139            9.92857        
25             169            11.2667        
5              160            9.41176        
17             231            13.5882        
1              230            12.1053        
29             273            14.3684        
0              254            16.9333        
7              250            12.5           
20             262            13.1           
--------------
Total TA_time: 2644
Total WTA_time: 195.641
